100010000
100000000
010000100
110001000
110001000
110001000
110001010
111000000
100000000
010000100
110000001
000000000
101000101
100100000
010100100
000101000
101101100
101100001
011001000
100101000
010001000
100100000
010100100
110100111
110100111
110100111
110100111
110100011
001100000
100000000
010000100
000000000
101001111
101000101
100100000
010100100
110100001
000101000
101100101
100110000
010110100
000111100
101111001
011101100
100110000
010110100
000111100
101110100
101111011
101110001
011101100
100101000
101100100
011001000
100100000
010100100
000101000
101100111
101101100
011001000
100100000
010100100
110100001
000101000
101101111
101100110
100110000
010110100
000111100
101110001
101111010
011101100
100110000
010110100
000111100
101110100
101111010
101110010
011101100
100110000
010110100
000111100
101110111
101111110
011101100
100101000
101100010
011001000
100100000
010100100
110100001
000101000
101101110
101100111
100110000
010110100
110110001
000111100
101110111
101111111
011101100
100110000
010110100
000111100
101110001
101111001
101110101
011101100
100110000
010110100
000111100
101110011
101111010
101110011
011101100
100110000
010110100
000111100
101110110
101111011
011101100
100101000
101100001
011001000
100100000
010100100
110100111
110100111
110100111
110100111
110100011
000101000
011100000
100111000
010001100
100100000
010100100
110100111
110100111
110100111
110100111
110100010
001100000
110010010
100000000
111000001