100010111
110010111
110010111
110010111
110010010
100100000
010100100
110101001
110101001
110101001
110101001
110101001
110101001
110101001
110101001
110101100
111000000
100000000
100110000
010110100
110110001
000111100
101110111
101111001
100100000
010100100
110100001
000101000
101101111
100101000
011101100
111000010
110000111
110000001
000100100
101101011
100110000
010110100
110110001
000111100
101111100
101110100
011101100
100101000
000110100
101110011
101111001
011101100
111000011
110000100
100100000
010100100
110100001
000101000
101101010
100110000
010110100
110110001
000111100
101111110
101110110
011101100
000110100
101111010
101110100
011101100
000110100
101110100
101111001
101110100
011101100
100101000
000110100
101110101
101111001
011101100
111000100
110000010
100100000
010100100
110100001
000101000
101101001
100110000
010110100
110110001
000111100
101111011
101110111
011101100
100110000
010110100
110110001
000111100
101110100
101111001
101110110
011101100
100110000
010110100
110110001
000111100
101110110
101111001
101110101
011101100
000110100
101111001
101110100
011101100
000110100
101110010
101111001
101110011
011101100
000110100
101110100
101111001
101110010
011101100
100101000
000110100
101110110
101111001
011101100
111000101
110000001
000100100
100110000
010110100
110110001
000111100
101111111
011101100
100101000
100110000
010110100
110110001
000111100
101110111
101111001
011101100
111000110
100100000
010100000
110101000
110101001
111001000
100100000
010100000
110101001
110101001
111001001
100100000
010100000
110101001
110101010
111001010
100100000
010100000
110101001
110101011
111001011
100100000
010100000
110101010
110101011
111001100
100100000
010100000
110101011
110101011
111001101
100100000
010100000
110101100
110101011
111001110
100100000
010100000
110101001
111001111
100100000
010100000
110101010
111010000
100100000
010100000
110101011
111010001
100100000
010100000
110101101
111010010
100100000
111000111
100100001
101100111
100110000
010110100
110110001
000111100
011101100
100110000
010110100
110110001
001111000
100100000
111000111
100100001
101100110
100110000
010110100
110110001
000111100
011101100
100110000
010110100
110110001
001111000
100100000
111000111
100100001
101100101
100110000
010110100
110110001
000111100
011101100
100110000
010110100
110110001
001111000
100100000
111000111
100100001
101100100
100110000
010110100
110110001
000111100
011101100
100110000
010110100
110110001
001111000
100100000
111000111
100100001
101100011
100110000
010110100
110110001
000111100
011101100
100110000
010110100
110110001
001111000
100100000
111000111
100100001
101100010
100110000
010110100
110110001
000111100
011101100
100110000
010110100
110110001
001111000
100100000
111000111
100100001
101100001
100110000
010110100
110110001
000111100
011101100
100110000
010110100
110110001
001111000
100100000
111000111
100100001
101100111
000110100
011101100
001011000
100100000
111000111
100100001
101100110
000110100
011101100
001011000
100100000
111000111
100100001
101100101
000110100
011101100
001011000
100100000
111000111
100100001
101100011
000110100
011101100
001011000
100100000
111000111
100100001
101100110
100110000
010110100
110110001
000111100
101111011
011101100
100110000
010110100
110111000
110111000
110111000
110111011
001111000
100100000
111010011
100100000
010100000
111010100
100100010
101100110
100110000
010110100
110110001
000111100
101111011
011101100
100110000
010110100
110111000
110111000
110111000
110111011
001111000
100100000
111010011
100100000
010100100
110100001
000101000
101101011
100110000
010110100
110111000
110111000
110111000
110111011
001111000
100100000
010100100
110100001
000101000
101101111
101100100
000110100
101111011
101110001
011101100
000110100
101110100
101111001
011101100
100110000
010110100
110111000
110111000
110111000
110111010
001111000
110010010
100100000
111010101