100000000
100010111
110010111
110010111
110010111
110010101
001010000
110010001
001010000
110010001
001010000
110011101
000010100
010000100
101001101
100010000
100100000
010100100
110101001
110101001
110101001
110101001
110101101
111010111
100110000
000100100
101101101
011100000
111011000
111011001
110110001
000100100
101100001
101101101
011100000
111011010
111011011
110110001
000100100
101100010
101101101
011100000
111011100
111011101
110110001
000100100
101100011
101101101
011100000
111011110
111011111
110110001
110110000
111100000
100000000
100100111
110100111
110100111
110100111
110100101
000001000
010001100
001100000
110100001
000001000
110000001
001100000
110100001
000001000
010001100
001100000
110101101
000001000
101001101
000100100
101100100
101101101
100110000
010110100
110110001
000111100
101111001
011101100
011100000
111100001
111100010
100100111
110100111
110100111
110100111
110100111
000111000
110110001
001101100
000100100
101100101
101101101
100110000
010110100
110110001
000111100
101111010
011101100
011100000
111100011
111100100
100100111
110100111
110100111
110100111
110100111
000111000
110110001
001101100
000100100
101100110
101101101
100110000
010110100
110110001
000111100
101111011
011101100
011100000
111100101
111100110
100100111
110100111
110100111
110100111
110100111
000111000
110110001
001101100
000100100
101100111
101101101
100110000
010110100
110110001
000111100
101111100
011101100
011100000
111100111
111101000
100100111
110100111
110100111
110100111
110100111
000111000
110110001
001101100
110010001
100100000
111010110
100110000
000100100
101101101
011100000
111101001
111101010
110110001
000100100
101100001
101101101
011100000
111101011
111101100
110110001
000100100
101100010
101101101
011100000
111101101
111101110
110110001
000100100
101100011
101101101
011100000
111101111
111110000
110110001
110110000
111000000
100000000
100100111
110100111
110100111
110100111
110100101
000001000
010001100
001100000
110100001
000001000
110000001
001100000
110100001
000001000
010001100
001100000
100000000
111000000